1008 225174 1   
1008 303057 1   
1008 418447 4   
1008 419425 1   
9041 276449 75   
12443 371138 1   
16171 260270 279   
39007 260795 11   
39007 324740 8   
39007 347942 1   
39007 402608 14   
52754 262290 1   
52754 302621 1   
155840 265162 9   
164024 286298 14   
164024 378920 117   
164227 221452 1   
164227 320893 1   
164227 384273 1   
205402 227868 68   
205402 280346 241   
205402 335304 36   
205402 359151 11   
205948 295927 3   
205948 340292 3   
209665 367992 106   
209668 367992 111   
215375 223073 325   
215829 305556 171   
215829 352438 146   
215829 383168 227   
216271 295757 4   
216330 225174 2   
216330 303057 2   
216330 335084 1   
216330 419425 3   
216338 247153 1   
216341 247153 1   
216367 225792 12   
216639 331879 9   
216714 219066 730   
216797 221452 4   
216797 384273 6   
216911 392270 1   
218364 382840 1   
219066 216714 730   
219066 326806 339   
221130 227868 20   
221130 280346 69   
221130 335304 6   
221130 359151 2   
221138 371138 3   
221452 164227 1   
221452 216797 4   
221801 357156 176   
222005 254322 10   
222543 265132 72   
222673 280346 1   
222673 335304 11   
222673 359151 7   
223073 215375 325   
223321 258772 15   
225174 1008 1   
225174 216330 2   
225174 371138 29   
225792 216367 12   
227868 205402 68   
227868 221130 20   
227868 307241 15   
227868 318351 3   
228510 359976 289   
229239 358931 37   
233156 265132 30   
233190 359211 6   
233627 263774 162   
233627 356972 679   
236273 306614 35   
243167 265594 1   
243167 365462 1   
244537 274764 7   
244537 289316 8   
244537 321744 8   
244537 342886 8   
244537 348924 8   
244537 366962 8   
245206 349577 1   
247153 216338 1   
247153 216341 1   
247153 308720 2   
247153 332139 1   
247470 319377 2   
249042 359976 140   
251424 316333 3   
251654 265594 43   
251654 365462 39   
251654 377527 37   
251968 253693 477   
252826 303575 46   
253363 334538 8   
253693 251968 477   
254322 222005 10   
256443 392270 1   
258080 361725 98   
258772 223321 15   
258772 361725 175   
259271 268251 1   
260270 16171 279   
260363 355086 214   
260766 318142 13   
260795 39007 11   
261733 268251 1   
261733 312288 36   
262290 52754 1   
262545 345344 9   
263694 392270 2   
263702 280701 5   
263702 290429 2   
263774 233627 162   
263774 356972 895   
263974 343313 272   
265132 222543 72   
265132 233156 30   
265132 342098 1   
265162 155840 9   
265512 367992 117   
265594 243167 1   
265594 251654 43   
265594 343657 37   
268097 368965 2   
268150 406861 10   
268251 259271 1   
268251 261733 1   
268251 366927 1   
269980 307241 624   
269980 318351 721   
270202 272902 1   
272902 270202 1   
273588 370737 89   
274764 244537 7   
274764 341214 1   
274764 347168 9   
274764 350767 9   
274764 366974 9   
274764 367034 9   
276079 341826 2   
276079 346694 3   
276449 9041 75   
280154 313950 1   
280346 205402 241   
280346 221130 69   
280346 222673 1   
280346 307241 2   
280701 263702 5   
280701 290429 643   
280701 339399 202   
286298 164024 14   
286574 362095 1   
289316 244537 8   
289316 341214 1   
289316 344504 1   
289316 347168 9   
289316 350767 9   
289316 366974 9   
289316 367034 9   
290429 263702 2   
290429 280701 643   
290429 304592 3   
290597 349577 7   
294954 302621 2   
295266 307241 743   
295266 318351 678   
295757 216271 4   
295927 205948 3   
296412 367992 160   
298556 346577 1   
298556 346921 117   
298556 360939 156   
298556 362249 269   
299335 307786 45   
301634 302898 1   
301729 312288 54   
301729 370023 1   
302621 52754 1   
302621 294954 2   
302621 343924 1   
302898 301634 1   
303057 1008 1   
303057 216330 2   
303057 371138 31   
303575 252826 46   
303754 371138 5   
304592 290429 3   
304592 360541 2   
305480 367851 168   
305556 215829 171   
306606 367992 116   
306614 236273 35   
307241 227868 15   
307241 269980 624   
307241 280346 2   
307241 295266 743   
307241 394382 762   
307432 377446 473   
307567 361465 15   
307786 299335 45   
308720 247153 2   
312288 261733 36   
312288 301729 54   
312288 342564 8   
312288 345774 5   
312288 357535 699   
312288 366927 38   
313950 280154 1   
315680 392270 1   
315680 418287 1   
316333 251424 3   
316333 356385 4   
316333 356395 3   
317468 353826 373   
318142 260766 13   
318351 227868 3   
318351 269980 721   
318351 295266 678   
318351 394382 693   
319377 247470 2   
320893 164227 1   
320893 360762 5   
321744 244537 8   
321744 341214 1   
321744 347168 9   
321744 350767 9   
321744 366974 9   
321744 367034 9   
322450 327268 528   
322450 359211 18   
324740 39007 8   
325448 362576 11   
326806 219066 339   
327268 322450 528   
331879 216639 9   
332139 247153 1   
334538 253363 8   
335084 216330 1   
335084 371138 6   
335304 205402 36   
335304 221130 6   
335304 222673 11   
339399 280701 202   
340292 205948 3   
341214 274764 1   
341214 289316 1   
341214 321744 1   
341214 348924 1   
341214 358164 1   
341214 375736 1   
341826 276079 2   
342098 265132 1   
342564 312288 8   
342564 349577 3   
342886 244537 8   
342886 347168 9   
342886 350767 9   
342886 366974 9   
342886 367034 9   
343313 263974 272   
343657 265594 37   
343657 365462 37   
343657 377527 16   
343924 302621 1   
344504 289316 1   
344504 358164 1   
345008 356395 1   
345344 262545 9   
345774 312288 5   
346577 298556 1   
346694 276079 3   
346921 298556 117   
347168 274764 9   
347168 289316 9   
347168 321744 9   
347168 342886 9   
347168 348924 9   
347168 349430 9   
347168 358151 9   
347168 358164 9   
347168 366618 9   
347168 366962 9   
347168 375736 9   
347168 380177 9   
347942 39007 1   
348924 244537 8   
348924 341214 1   
348924 347168 9   
348924 350767 9   
348924 366974 9   
348924 367034 9   
349430 347168 9   
349430 350767 9   
349430 366974 9   
349430 367034 9   
349577 245206 1   
349577 290597 7   
349577 342564 3   
349577 359539 1   
350767 274764 9   
350767 289316 9   
350767 321744 9   
350767 342886 9   
350767 348924 9   
350767 349430 9   
350767 358151 9   
350767 358164 9   
350767 366618 9   
350767 366962 9   
350767 375736 9   
350767 380177 9   
352438 215829 146   
353826 317468 373   
354499 354876 670   
354876 354499 670   
355086 260363 214   
355245 356734 3   
356385 316333 4   
356395 316333 3   
356395 345008 1   
356734 355245 3   
356972 233627 679   
356972 263774 895   
357066 357838 300   
357156 221801 176   
357535 312288 699   
357535 363614 4   
357838 357066 300   
357980 361725 167   
358151 347168 9   
358151 350767 9   
358151 366974 9   
358151 367034 9   
358164 341214 1   
358164 344504 1   
358164 347168 9   
358164 350767 9   
358164 366974 9   
358164 367034 9   
358931 229239 37   
359151 205402 11   
359151 221130 2   
359151 222673 7   
359211 233190 6   
359211 322450 18   
359539 349577 1   
359976 228510 289   
359976 249042 140   
360541 304592 2   
360762 320893 5   
360939 298556 156   
361366 363773 1   
361465 307567 15   
361725 258080 98   
361725 258772 175   
361725 357980 167   
362095 286574 1   
362249 298556 269   
362576 325448 11   
362702 413572 2   
363614 357535 4   
363773 361366 1   
365462 243167 1   
365462 251654 39   
365462 343657 37   
366618 347168 9   
366618 350767 9   
366618 366974 9   
366618 367034 9   
366927 268251 1   
366927 312288 38   
366962 244537 8   
366962 347168 9   
366962 350767 9   
366962 366974 9   
366962 367034 9   
366974 274764 9   
366974 289316 9   
366974 321744 9   
366974 342886 9   
366974 348924 9   
366974 349430 9   
366974 358151 9   
366974 358164 9   
366974 366618 9   
366974 366962 9   
366974 375736 9   
366974 380177 9   
367034 274764 9   
367034 289316 9   
367034 321744 9   
367034 342886 9   
367034 348924 9   
367034 349430 9   
367034 358151 9   
367034 358164 9   
367034 366618 9   
367034 366962 9   
367034 375736 9   
367034 380177 9   
367851 305480 168   
367923 377446 473   
367992 209665 106   
367992 209668 111   
367992 265512 117   
367992 296412 160   
367992 306606 116   
368965 268097 2   
370023 301729 1   
370737 273588 89   
371138 12443 1   
371138 221138 3   
371138 225174 29   
371138 303057 31   
371138 303754 5   
371138 335084 6   
371138 418447 3   
371138 419425 44   
375736 341214 1   
375736 347168 9   
375736 350767 9   
375736 366974 9   
375736 367034 9   
377446 307432 473   
377446 367923 473   
377527 251654 37   
377527 343657 16   
378920 164024 117   
380177 347168 9   
380177 350767 9   
380177 366974 9   
380177 367034 9   
382840 218364 1   
383168 215829 227   
384273 164227 1   
384273 216797 6   
392270 216911 1   
392270 256443 1   
392270 263694 2   
392270 315680 1   
392270 418287 1   
394382 307241 762   
394382 318351 693   
402608 39007 14   
406861 268150 10   
413572 362702 2   
418287 315680 1   
418287 392270 1   
418447 1008 4   
418447 371138 3   
419425 1008 1   
419425 216330 3   
419425 371138 44   
